-138 . ..

· 2.]1112131111311111111111 Graecorum
ν et appellativorum et propriorum

a) apud Horatium
in saturis

nominum Graeoorum in contenis ig
numeri versibus

-mmmssffiv

propr.
1411 2113 222 133 335 13,5ξ 1,1
333133 [πη noo 1
1 1-x 133 uu 66 1oe 31 33

1133311132] 1113] [33]

1 121 3 4 12 331331
11 134 13 5 23 1341 3,1Ι
111 142 12 3
[v 143 21 5 23 14,1ε 3,5Ι
1 134 13 1 23 154 3,1ἔ
11
111
1111
x

21 3,5 1 33 ÷

35 3 11 11 3Ι
53 5 4 3 13 3
1 13 3 3 3 33] 33
x 32 11 14 25 12 15,2

[100] [13]Ι [2]] [13] ;[

131 3 3 12 4343
31,4

Π 1-11111333 122] 35 211 113 33ἐ

1 33 2 5 1 23 5,;3
11 133 24 3 21 113 22
111 323 23 41 15 ⁸:¹⁶;:144I
1v· 35 13 13 2323 135
ι1113311131313Ι
VI 111 3 13 1,1

111 113 12 15 13,2

VIII 95 20 29 ’

 

